1.000000 
1.000000 
1.000000 
1.000000 
1.000000 
1.000000 
1.000000 
1.000000 
1.000000 
1.000000 
1.000000 
1.000000 
1.000000 
1.000000 
1.000000 
1.000000 
1.000000 
1.000000 
1.000000 
1.000000 
1.000000 
1.000000 
1.000000 
0.999999 
0.999999 
0.999994 
0.999994 
0.999964 
0.999964 
0.999821 
0.999821 
0.999232 
0.999232 
0.997101 
0.997101 
0.990300 
0.990300 
0.971135 
0.971135 
0.923887 
0.923887 
0.824958 
0.824958 
0.658330 
0.658330 
0.446579 
0.446579 
0.251014 
0.251014 
0.117782 
0.117782 
0.047135 
0.047135 
0.016315 
0.016315 
0.004884 
0.004884 
0.001250 
0.001250 
0.000268 
0.000268 
0.000047 
0.000047 
0.000006 
0.000006 
0.000001 
0.000001 
0.000000 
0.000000 
0.000000 
0.000000 
0.000000 
0.000000 
0.000000 
0.000000 
0.000000 
0.000000 
0.000000 
0.000000 
0.000000 
0.000000 
